    Overall       F6R       F6S       F5R      F19S      F19R  ...       F4S      F17S      F12R      F22R      F12S      F14S
0       1.0  0.818182  0.805194  0.753247  0.701299  0.649351  ...  0.753247  0.636364  0.714286  0.415584  0.740260  0.688311
1       1.0  0.831169  0.805194  0.675324  0.753247  0.727273  ...  0.883117  0.649351  0.818182  0.688311  0.805194  0.766234
2       1.0  0.818182  0.857143  0.714286  0.805194  0.753247  ...  0.896104  0.714286  0.701299  0.558441  0.779221  0.467533
3       1.0  0.428571  0.467533  0.597403  0.350650  0.311689  ...  0.519480  0.818182  0.870130  0.116883  0.753247  0.441559
4       1.0  0.818182  0.896104  0.662337  0.740260  0.597403  ...  0.753247  0.636364  0.805194  0.155844  0.844156  0.519480
..      ...       ...       ...       ...       ...       ...  ...       ...       ...       ...       ...       ...       ...
83      0.0  0.805194  0.792207  0.688311  0.675324  0.740260  ...  0.701299  0.662337  0.740260  0.649351  0.740260  0.610390
84      0.0  0.818182  0.831169  0.688311  0.675324  0.675324  ...  0.805194  0.662337  0.753247  0.506494  0.727273  0.727273
85      0.0  0.792207  0.701299  0.623377  0.662337  0.649351  ...  0.779221  0.727273  0.740260  0.519480  0.818182  0.623377
86      0.0  0.779221  0.818182  0.714286  0.584416  0.506494  ...  0.779221  0.675324  0.792207  0.623377  0.818182  0.714286
87      0.0  0.000000  0.000000  0.000000  0.000000  0.000000  ...  0.000000  0.000000  0.000000  0.000000  0.000000  0.000000

[88 rows x 15 columns]