     Overall       F6R       F6S       F5R      F19S  ...      F17S      F12R      F22R      F12S      F14S
0        0.0  0.765432  0.827160  0.691358  0.604938  ...  0.654321  0.740741  0.604938  0.839506  0.740741
1        0.0  0.802469  0.839506  0.753086  0.814814  ...  0.703703  0.740741  0.654321  0.814814  0.703703
2        0.0  0.691358  0.666667  0.604938  0.617284  ...  0.740741  0.864197  0.666667  0.888889  0.666667
3        0.0  0.753086  0.703703  0.728395  0.493827  ...  0.716049  0.691358  0.629630  0.753086  0.691358
4        0.0  0.777778  0.802469  0.691358  0.728395  ...  0.691358  0.790124  0.629630  0.839506  0.654321
..       ...       ...       ...       ...       ...  ...       ...       ...       ...       ...       ...
173      1.0  0.839506  0.777778  0.765432  0.716049  ...  0.654321  0.790124  0.555555  0.740741  0.765432
174      1.0  0.851852  0.827160  0.777778  0.851852  ...  0.641975  0.765432  0.691358  0.827160  0.592592
175      1.0  0.740741  0.691358  0.654321  0.555555  ...  0.629630  0.802469  0.555555  0.814814  0.753086
176      1.0  0.654321  0.432098  0.098765  0.654321  ...  0.098765  0.567901  0.123457  0.506173  0.419752
177      0.0  0.000000  0.000000  0.000000  0.000000  ...  0.000000  0.000000  0.000000  0.000000  0.000000

[178 rows x 15 columns]