For k:5
[[0.20137658 0.20633314 0.20803348 0.21655509 0.21949262]
 [0.18196159 0.18386118 0.18889403 0.19646144 0.19855083]
 [0.27768542 0.28133271 0.30503785 0.30710678 0.31070191]
 [0.72596677 0.7420425  0.80983963 0.84158839 0.84848172]
 [0.33277885 0.41690058 0.42688539 0.43131391 0.43270428]
 [0.28011747 0.33658851 0.33838923 0.34354387 0.3817912 ]
 [0.21619999 0.21668871 0.21981387 0.23528053 0.23639279]
 [0.21221857 0.24549687 0.25320396 0.26178684 0.27092035]
 [0.61492053 0.63021782 0.68698916 0.69623163 0.7262501 ]
 [0.17792864 0.17800035 0.20122313 0.20703604 0.20795635]
 [0.20348117 0.24132799 0.24544375 0.25833797 0.29352537]
 [0.21069124 0.22878504 0.22970825 0.2303788  0.23646813]
 [0.76409325 0.85585299 0.87387883 1.00164232 1.00741569]
 [0.15855164 0.22584525 0.23109908 0.28484518 0.28853563]
 [0.19372758 0.21641151 0.2255733  0.23149791 0.23768242]
 [0.18927687 0.22999728 0.23064596 0.23788272 0.25213802]
 [0.38775564 0.51903238 0.57965889 0.61804048 0.62866247]
 [0.20128483 0.21761162 0.22325898 0.22509608 0.24150456]
 [0.25772335 0.28275228 0.31957836 0.32279185 0.32326175]
 [0.23046682 0.23858919 0.24023171 0.27307848 0.2776184 ]
 [0.71990995 0.75697881 0.84795388 0.86394565 0.91729746]
 [0.17902219 0.18490793 0.20339593 0.21218752 0.22227087]
 [0.27758478 0.27870431 0.27995533 0.286176   0.29331755]
 [0.27750636 0.32359532 0.327137   0.33995786 0.33999506]
 [0.24325704 0.25418138 0.25756171 0.26743533 0.27257452]
 [0.23869218 0.23984268 0.25915996 0.26100621 0.26834228]
 [0.31410183 0.32722769 0.36588653 0.36701463 0.36717271]
 [0.34430331 0.35060559 0.39095752 0.39522315 0.4160663 ]
 [0.24062805 0.24068136 0.2556065  0.25946873 0.26171244]
 [0.41602358 0.42469909 0.42494412 0.42946069 0.4557341 ]
 [0.14237831 0.1608402  0.16242606 0.16774837 0.17610306]
 [0.32867962 0.3383186  0.3526622  0.37414974 0.37603947]
 [0.55615365 0.64310723 0.66884486 0.67106046 0.68025117]
 [0.29841583 0.31342331 0.3247294  0.32483549 0.33094781]
 [0.34592855 0.39372153 0.50285732 0.51956348 0.54144665]
 [0.25752032 0.26987572 0.27007824 0.27186695 0.27430275]
 [0.32067993 0.3281553  0.34027616 0.34667536 0.37564747]
 [0.23172457 0.25328921 0.257195   0.26956354 0.26963778]
 [0.57774063 0.59617926 0.65419031 0.73340693 0.74354702]
 [0.21358377 0.2184138  0.24102734 0.25161408 0.25423335]
 [0.36072107 0.38487953 0.42501284 0.46109505 0.47127784]
 [0.25367378 0.28363141 0.29483486 0.30336758 0.33068445]
 [0.22206745 0.23514277 0.24933236 0.25512375 0.25647394]
 [0.19320888 0.195095   0.20064298 0.20779137 0.20825787]
 [0.14001915 0.14243808 0.19110773 0.19698751 0.20609139]
 [0.18325964 0.1848405  0.19868861 0.20104547 0.20313092]
 [0.23442188 0.26992521 0.27676791 0.28676391 0.28870783]
 [0.26069651 0.29834832 0.30017738 0.3040853  0.30457346]
 [0.17239309 0.23423404 0.2344831  0.24181402 0.24258623]
 [0.24466231 0.26574362 0.26670984 0.29104141 0.29507814]
 [0.18693289 0.2586564  0.29516654 0.29613172 0.30156562]
 [0.25543107 0.25701849 0.27352818 0.27631762 0.28021108]
 [0.10847924 0.14848184 0.17744572 0.17806327 0.1821031 ]
 [0.17426624 0.20608932 0.20911723 0.22674278 0.22685989]
 [0.19003282 0.19892781 0.20492156 0.210195   0.22722379]
 [0.18076837 0.19660911 0.21362061 0.22329097 0.22578405]
 [0.18206532 0.18764388 0.18987686 0.2041494  0.20911645]
 [0.15852857 0.17584388 0.19313448 0.19576007 0.19937711]
 [0.16927849 0.23180711 0.29174737 0.30551172 0.30787369]
 [0.41568866 0.47822671 0.49872401 0.50278088 0.5079964 ]
 [0.21251921 0.2497944  0.2739124  0.27593949 0.2804846 ]
 [0.28267592 0.30007398 0.30763956 0.31582167 0.31993753]
 [0.14341859 0.16273086 0.16359822 0.17343677 0.19210685]
 [0.20550723 0.21014575 0.24284811 0.24741424 0.27305116]
 [0.32467939 0.35328297 0.35785035 0.36424852 0.38362791]
 [0.14716597 0.22711426 0.23281803 0.24007137 0.2459166 ]
 [0.25994277 0.38999699 0.40268039 0.42288813 0.43270163]
 [0.17555878 0.17642463 0.17947349 0.19758343 0.20024601]
 [0.20076615 0.20267431 0.23623768 0.23806502 0.25646824]
 [0.14575918 0.16806184 0.19311414 0.20379149 0.21048506]
 [0.18812082 0.19797457 0.20615974 0.22079577 0.22432587]
 [0.17515775 0.18858148 0.20131349 0.2062973  0.21380191]
 [0.20032794 0.21920951 0.2325005  0.23466578 0.23630002]
 [0.16747373 0.17241782 0.18224053 0.18481252 0.18716962]
 [0.1858755  0.18765102 0.19252928 0.23011388 0.2393263 ]
 [0.22575564 0.28980461 0.30555659 0.30773483 0.31803666]
 [0.21118892 0.21770533 0.22712104 0.24578573 0.25383991]
 [0.21092253 0.25474368 0.25809041 0.25862326 0.26215437]
 [0.17988059 0.18485769 0.19494308 0.19523194 0.20658697]
 [0.2521503  0.25276608 0.26368869 0.26579123 0.27025432]
 [0.18495802 0.2130071  0.23999621 0.25779083 0.2651233 ]
 [0.20723768 0.23740526 0.24992466 0.25342428 0.26729546]
 [0.15404931 0.17230402 0.18044802 0.18800546 0.1894586 ]
 [0.18199931 0.19766547 0.19823146 0.19853462 0.1986192 ]
 [0.20971275 0.24655353 0.26065042 0.26479056 0.26531277]
 [0.21871667 0.21988457 0.22216886 0.22930265 0.24125706]
 [0.15272936 0.18883862 0.22130446 0.22136679 0.22697484]
 [0.         1.77649065 2.09109005 2.16186883 2.1897138 ]]